ms 10 6 -t 4 
4099 46976 12720

//
segsites: 5
positions:  0.0241 0.1 0.2 0.3 0.4
01000
00110
00000
10001
00000
01000
00000
01000
00000
00000

//
segsites: 5
positions:  0.0241 0.1 0.2 0.3 0.4
10110
00110
00110
00110
00110
00110
00111
00110
00110
00110

//
segsites: 4
positions:  0.1 0.2 0.3 0.4
1110
0110
0110
0110
0110
0110
0111
0110
0110
0110

//
segsites: 2
positions:  0.1 0.2
11
11
11
11
11
11
11
11
11
11

//
segsites: 2
positions:  0.1 0.2
11
00
01
01
01
00
00
01
00
10

//
segsites: 2
positions:  0.1 0.2
10
00
01
11
00
10
01
01
00
01