ms 3 10 -t 4
15243 26952 5183

//
segsites: 17
positions: 0.0135 0.4002 0.5188 0.5373 0.5475 0.5651 0.5914 0.6501 0.6610 0.6774 0.7051 0.7173 0.8099 0.8189 0.8287 0.8722 0.9326
01000100001010001
10011011110101110
01100100001010001

//
segsites: 10
positions: 0.1021 0.2440 0.2679 0.3419 0.4604 0.6857 0.8868 0.9691 0.9853 0.9957 
0111110111
0100001110
1011110001

//
segsites: 6
positions: 0.2081 0.4077 0.5453 0.5735 0.7819 0.9233 
010001
100110
011001

//
segsites: 10
positions: 0.0778 0.0927 0.0932 0.1879 0.1988 0.3175 0.4328 0.6760 0.8184 0.9868 
0100000110
1011011001
1001111001

//
segsites: 14
positions: 0.0155 0.0397 0.2066 0.2378 0.2648 0.4225 0.5897 0.6283 0.6470 0.6670 0.6863 0.7341 0.8524 0.9467 
10000101100001
01111010011110
10000101100001

//
segsites: 9
positions: 0.0106 0.0785 0.3506 0.4975 0.5212 0.5787 0.7062 0.7224 0.8910 
101110001
010001110
000110001

//
segsites: 9
positions: 0.1565 0.2660 0.2763 0.4138 0.5066 0.6662 0.7899 0.7941 0.8121 
111011000
000100111
110010000

//
segsites: 8
positions: 0.0042 0.1093 0.1315 0.1459 0.2630 0.2854 0.4544 0.6211 
00010000
10010100
01101011

//
segsites: 15
positions: 0.0493 0.0860 0.0912 0.2375 0.2770 0.4007 0.4392 0.4468 0.5971 0.6425 0.6444 0.6894 0.7680 0.9054 0.9277 
000100011110010
000000100100010
111011000001101

//
segsites: 27
positions: 0.0738 0.1246 0.1284 0.1316 0.1372 0.1386 0.1504 0.2037 0.2530 0.3311 0.3908 0.4558 0.4860 0.5067 0.5523 0.5584 0.5683 0.6482 0.6928 0.6935 0.7273 0.7457 0.8252 0.8719 0.9412 0.9454 0.9974 
001100000001000111100110000
000000010001001111110110000
110011101110110000001001111
